image_width: 640
image_height: 480
camera_name: camera
camera_matrix:
  rows: 3
  cols: 3
  data: [1.005462147900039, -0.001582509539716225, 335.374901727645, -0.0003220082927947973, 1, 255.5849677100092, 0, 0, 0]
distortion_model: taylor
distortion_coefficients:
  rows: 1
  cols: 4
  data: [515.0668386245426, 0.0006415829713664916, -2.520689445248976e-06, 2.826786464762493e-09]
rectification_matrix:
  rows: 3
  cols: 3
  data: [0, 0, 0, 0, 0, 0, 0, 0, 0]
projection_matrix:
  rows: 3
  cols: 4
  data: [0, 0, 0, 0, 0, 0, 0, 0, 0, 0, 0, 0]